[152,103]
[16,112]
[82,17]
[131,70]
[76,77]
[18,83]
[29,17]
[84,67]
[20,58]
[11,11]
[92,50]
[79,7]
[20,47]
[54,50]
[115,70]
[152,95]
[34,73]
[67,53]
[115,14]
[38,76]
[123,27]
[146,88]
[149,42]
[123,53]
[18,71]
[26,114]
[57,73]
[70,53]
[44,42]
[129,119]
[53,112]
[73,106]
[95,84]
[38,108]
[111,8]
[99,114]
[144,48]
[47,102]
[48,28]
[145,34]
[141,61]
[101,71]
11101101101101111001111111111001111111111111111011111111111111001111111111101111111111110011111111112111221110011110021b2122220011011010011101011010101011110110
01111111110111101111111101111111111110111111011110101111111010111101111101110011110111111111101001200221221221111111212a2011010101111110111110110111011101111101
10011100110111111111111111111111110100101111011111111110101101101101111111101111111111011110011212002020210222221202112a2112100110111011111111111111101011111101
11111111111110111101111111101111111011111011111111111110111111111011111111110111101111111111111221020200002211121101122b1210121011111111111111000101011110001111
10111011101111101010111111001101111011110101111110001100011010111111101101111111110111011111111011111020112212112012200b1110221101110011111011011111111111110111
11101011110111011101110001111100111100111101111110101110111110110011101010111110111111111111010021122212221120121221022a2100111011111110011111111011111111110111
01010011010011111111111011011111011111111111101101111110111111111111011110111110110101001011110010212121221110020112021a2211021111111110111111110101011001110011
11111111011111111111111111111001101100100011111111111111110111111010011111110111101110111000111112121012201200212011222a2221221111110111111101111101011111111111
10111111011110111110111111001101111110101111101011010111101111101111011100101111111100111111010122122121202221201021202a2101112001111110110111011111111111101111
01111100111111101111101110110101111111011111001011101110111110011111111111011111111111111100111020001100222221101021222a2101011110100111111111111110111110111010
01110111111111111111111010011101111011110111001111110111111011011101111111111111110111101101111102121111102201201102111b2221112111100011110011111111110100010010
11110111111111110011111111110101101111101101111111111100111110111111011101100110111111111011111212112200111201112222212a1012111100111111111011111111111110110111
11110101111111111101001111101011121111221222211120122022220112110101011111111001011110010111011211012111122100212211202a2201102111101110111001111110101111111111
11111111111010010111111111111011211212011220122210201020122012101111110101110111111111101101111021012212212112122011021b0110202111110110100111111100111101111111
aaaaaaaaaaaaaaaaaaaaaaaaaaaaaaaababaabbbbaaabaabbabbbaabbabbabbbaaaaaaaaaaaaaaaaaaaaaaaaaaaaaaabbbbabbbbababbaabaaaaabba1110220110111111111111000101111011111111
1111111101110111111111011011111111221221112211202101211202112202101111110111010101111111011101011012122002022222220120022220212100111111111101011110111101111111
0110111011101011110111111011010121101111210222012110111111202212111111111111110111111011100011122222110201010022112121002111101110101111111111111101010110111101
1111111111111111111111111011111102112012120222111211221121211010101111111111101111111100111001120112222202212112020012101101000111111101111011111111111111111110
1110111111111010111111111110001112122001022212122120221111211212110101111111011101001111111111122011221120211221111220222212120101211211120222211112212100202022
1011100101111101111101111101101122122211222202101112101121102001001111001111001011011111111001102002212222002220212111110220021102002111121211112020022211212221
1011011110110011111111111110111012011202221012121020212001102112011111110111101111111111111111111201112022220111001121121011102112221111010200221221012211112210
1111111111111111010001011001111101222121121120101010111122221200111110111110111111100001111001111020122211210121110021102021020012211210110022021221112022111021
0111111110101111111111101111111122211122102222201112112111012112111101011111001101101111011111020102201102121000212212101112212110112112212111111202212110212020
1110111111110111111111111111111122121112111021022022112102221022011111111010111110110010111110112121112221102022022011211121212102122110202021112211220212122011
1110111111110111111111111111110120200212222122221110101212221021011111111101101111100101100111110110111111101001111111001111111010012121102211221021012022011222
0100111010111011011101111111101121210120112012202002102220021211101011000011111101111111111111111001011110111111011110100110110011211111212010112221222022110012
1110011111111001001000100011011102122102212210121110020011122202110111111111100001111111111011110111111111111001111111111010111111210222101212022101112112121121
0111011011111110110111101111100121101111021112222121120121122111111111011010100111110011111111110111111111111011101111011111110012211111220222112102211212111110
1001001111111111111110111110110102212001111021101212222220011112101111010110011111101111110111111110001000011010111111100001111111211221222112211102102221212021
1111110100111111111100111111011111022020220202202201222211221201011010111100101101111111110111010111011111101111010111111110101101222112121112211010011222102121
1101011111110110110111111000100112121022202212220211122021222200101010111010111110001111111111111101001011111111111100011101101112111201110222111011221011202012
1101111011110110100111101110111111221211220102110222120011122220111111111011101111011110001100110011001111111110111011100111111101020122112121202111210121102001
1101110111011111111111111100110120022211121210211112110202200112111111011111110101011011011010101101101111100111101110101011111000112010112221021112200121221120
1111000011101100111111110101111102002101101210211221121211121112111111001101111110111111011111110111100111111101110011110111011022111101120112120112121000222122
1111111101111110011111111011111022111111111221202101102120021112101111011010101111111111111111111001110011111111111011111111000122121222102212021212222001100022
0111111011111011111111111011111121112221111100222112100200002222101101111111101101110001111111111111011010010101011011111100110111210211112212202202210120210101
0110111011101110101111101111101112211112111012212122202201122120111111110110111110101001010011110111101111111101101110101110101102202012002201110022222021111222
1110111101101111111111100111111122201220011212211102210122112020110101111101111111000100101111111111110111111111110111011101110122110201111010110112202200211222
1111011110111110111111100110011101102121112221022112201122210211111111111001110111111011111111000110111111111011111111111111111102122022222222220211020222021000
1111111101111011111111111110110021011200111120011021001022022211111011011100111110111001111111111101111111101111101111011100011001101000021220102121002211012221
1000100011111111110111111111111111112212201010021222022220221110100101011111111111111010100110111111011111011111111111001111111110200120121102011021202211121112
1010110111111101101010111111111102121221220121112012012102221120100111111111110111111111111111001111101011111111111011011011111112211211121001011211122222121112
0110111111101111111011111100111010211121012011212111121211200022111101011111111110111111111111111111111101101110111111110011111001201201101121010020101121000212
1101110011011101010111111110101120111112000222122221120011202222101110111111111111111111111111110111111110111010000111111111101111011101010001121010211200221021
1011111111011101111010111111010101010101011110011101011110111100111110111011001111111111011111011111111101110111111010011101011111120121100212011112101000011211
0001111101101111111111011110100101111111111101010111111011111111011101110111011111111110011101111111111111110011110111111110122100121001210121202211012221202211
1011111110111001101111110110101111011101111111111001101111111111101011111111010011011101101111101111111111101110101001101000111201220102220022211122110021222111
1111101110110101101111011111111111110011111011101111101111111101111101011111111001111111110101111111111111110011111101101011120122021211022111220011202012100110
1111011111110101011101101011111111111111010101110111111111111111111111111111111110110111110111000111111111110011101111111111121212211212211112110201221022222212
1110111110111101101111100101111101110011011111111111111111111111111101111011111111111001010111110111011110101111111101110000121021212011212202020111122102112122
1011111111111111111111111001011111011110111011111110101111010010111110111101110101010100011111111110111111111110010111111111111220212202200112211120210111121102
1110111011111010101111001001100011111010111110101111111001111010111111111110101111111111111111111111111100010001001111111111021002101122121022111122211122022111
1110111111111111111011111111001010011111110111110111111111111010101111011011111111101101111111111010101101111011011111101011102211122212222102001102022102212112
1101011010111111111111111111011111101101111110111110111111110111001011110111111110101111111111111111011111011011111101111101120001112222022111111002121101210121
1111111111111101011111011111011111111111111101111011111001011111010111011111101000100110111110011011111111111111111111111110112112022212020210022210202020201110
1110111110111010110111111011111011111111111111100101111111111011111101110111001111111112121221110211212021220210112111111111111120122022020102100200122220111221
0111111111110101111110111111111111111011010001111110101011101010101111110100110111111222111021021100111100212122122121101001111201101111012201021111112101122212
1111101111111001101111111111111111101110111011100010111111111110111111111100111100110122101200112121211211121221111011011111112212112112121110120221221001120211
0111101111110111111110111111010010110111111010111111111111101111101111110101101111111120110101122202010212121120220200111011022202012112121122012210100122012200
1111111110101011100110010111110110101010101111111111111111101111100010111011011110110122222121112011211122010210201020100111022010212021102220121102122111102022
0101111101111110011110111011111110011111011100101011111010011011111101111110111111111221022120212121022221202202120010111111111222101111222101012222001121121011
1011111110101111111111011111101111100101101111111111111111011111101111110111111111111222101112221121212101211102121020111110111220021010111212012222011022122111
1111111001011011111111001111011111111111111010001111101110101110001111001111111110011221212122111210212210212221021221111110010121212221110111111122211102112012
0111010111101010001111111111001111001001111101111111111110111111101110011001111111101202121101111202021220011020202101011001111111210121220220022200120011002202
0101111111111111111111100011001110111111111110111111110111110101101110111110110101111222122112101000112112210122102111001011122011221212201111011101212022212100
0110110111011111110110111101100100110101111110001111110111010111101110110111111111111121202020020101201210111212212101011010121202112212012112211111101021020111
1011000100011111100111011011111111111100111011101110111011111111111111011101110111111202221010210221110221101011021121010001121011222211100121220211121222221111
1111100111010111110111111111111101110111111011011000011111111111111111010110110111111221002122111022110112222210001211111100111111212022121221201102122222000010
1111111111111111110111111111010111111011101110110101101011110011111011111111011111111021112122111112112111120020222121111001102011021021221121111112021221210111
1011111111101110111111101111011001010111111111111011111111110100101010111011111111110200220202221021212220211012102211111011020210211110220022222001122101020111
0111110011111011111111011110111101111111110110011100101111111111111111111011101111101121112111212212221222222112212100011011122002211221200100211022212220121101
1111111110110111011110111010010111010111110100111111111100111111100101101011011110011202010111011112001102011021101121110111100101002222120111111121111212110111
1101010111111111101000111111100111111111011011001111111111001010111111111111110111101111122221212112221211221100221211110111121021022211122111220012011110100111
0110111111111111111111110111011101111110111111111111100111111111001111110011111101011200220010220201201211222212022121010111112222211111210021101001101112221111
1110101101101101011011111111111111110111111001111100101111011111001111010010001011011122222222020221022220010112221001011111112102122212222220122212011021222111
1110111111111111010000000111111111101111111011111011110111100111111001111010101111010220012120212001001112221211120111111111102120112200022121121111211010122101
0101110111111110111111111101011111110101111011111011100111101111011000111111100111111122120211021211022220111012121021111110122111211120211111201011022101111011
aaaaaaaaaaaaaaaaaaaaaaaaaaaaaaaaaaaaaaaaaaaaaaaaaaaaaaaaaaaaaaaaaaaaaaaaaaaaaaaaaaaaaaabababbbaabbababbaabaaabbababaaaaaaaaaaaaaaaaaaaaaaaaaaaaaaaaaaaaaaaaaaaaa
1011111011111101111010111110111111111111110111111111110111010111111011110111110101101002211002220202200022211011111221111111001010111111111111011111111111101111
1110110111111111001111101111110110111111110011101111010111111111111111111101111101110111221202210112121222011212212111111111100111010001011111110110010101011111
0111111111101111101111111111011111111011111111111011111111111111111011111101010111111210121010111111211110121222222221100111111111011110111111110110011001111111
1111111111001101110011111010111010011011110111011111100111111111111110101110111111110121121002111102110011201011020021111110111111111111101110101111010111111101
1111111111010110111111111111110111011111110001111011111111100111111011111111111111111201221221012121122102011211122111111110111011111011111111111101110111111111
1111011101111011111111111111111011111111111111111111001111111111110111001001111111111210121011100222210212122012122211000111101111111111111111111011010011111011
1111011111110101111101101010111010101110111111101111110111111111111111100111110101011011012112021010211202012121220121011011111111111111011111110111011111011111
1011111111011111110111111101111101100110110111111111110100111111111111110111011111111221110022122112102101221122011111011111110111111100111101011110011111101111
1111110101111101101111011011111000000222122222020221211022200011111101101111011111111221012010002001001022111122012211011101101111110111111101111111111111111101
1011111111111111110001101111111021120002211121200122212120012220111111001111110110111111011111001101101111110011101110011011011111110011101111011111111011111110
1101000101111101111111011111101100102221101120100112100022002221111010111111111111110101011111111110100111100111111011101111110111111101111101110010111101111110
1000111010101111100011011111111112121022202110021211011002021021111111111111111111011111000011111111100110010011110010110110111110010111001111111011100111111011
aaaaaaaaaaaaaaaaaaaaaaaaaaaaaaaabaababbaaabbabaaaabbaabaabbbabbaaaaaaaaaaaaaaaaaaaaaaaaaaaaaaaaaaaaaaaaaaaaaaaaaaaaaaaaaaaaaaaaaaaaaaaaaaaaaaaaaaaaaaaaaaaaaaaaa
0101101111101111111111111011111210201001210012121200220201211211111111011111101111111111111110111111111110101110101111101111110111111111100011111001100111111110
1011101011011001111110001100011111221211222220111210221202222220110111011111111001111101111111011111110111110101111111010111011111111110111111111011001110111111
1111011011111111100111110111111112000121220112000111122201201010011110111110111111111011111110101111111111111111111010111110110111111110111011111111111111011110
1111111111110111111101111101111010112112222222102022122012121221110111111110001101101001111111110111111111111111010111101101111010111011011001111110110110010001
1101110110111101111111110111110002210212021012102011222022120011111111110111111111111111110100111111110111111111111111100100111111001101111111111101001111111111
1011111111111101111010111101101221111100112221001001110202101021101110111111011110111111111111111011101101110111111011110111111111111111011111101011111101111101
1111111111111111000111110101111112210212222010011211200100002010111111111011110101010111111110111111111111111011111110100111111101111110111111111011110000111110
1011101111101111111111111010111220121221122112021122211222112121011011111111100111101220111220101212001111112102112111111111111111111111111111101101010111111111
1000011110111111111001111011111121211022221121021020122200101111111101111011111001121111012101211221021222222221001111101111111111111000110011110111011111111111
1110101100010111110011011111111112020111112122012120020010211121111111011000111111120110211212110112012112112220211111101101101111100111110111110011110111111011
1101111011111011010111001110110222200200101112121110101221012220101011111111111111101201110112212111121200222101111111111011010011111101011101111011111111100111
1111111110011111111110111111111220012011112112221222120212220221101010111111111011121002112121211011211000202121222011111010111010111110111011111101111111101101
1001110111111111011011111101111111211222021121222102222002020100111111110101110111110010010222111111212221210111222110001111101011101111001110111100010111001111
1111110011101001110110111101010221200111112222112000222012122121111110011110111111110021000121002220121212021010022001101101111111111110100111011111111111011111
aaaaaaaaaaaaaaaaaaaaaaaaaaaaaaabaaaaaaabbabaaabaaaaabbbabaababbaaaaaaaaaaaaaaaaaaaabaaababaaababaabbabbabbaabbabaabaaaaaaaaaaaaaaaaaaaaaaaaaaaaaaaaaaaaaaaaaaaaa
1101111111111111111111011111111011110112211122022121120101122111110111111110010111122211102010220011222012021212210101111111101111110111101111111110100111111101
1011011101111100111111101101111001220110120102120012220210121011111110110111110011121221111221211002202112210121212110010111101110111100111110101110010111111111
1110110111111111011111111011111021110112020022212121100002101201111111001110110111112121111010011222222121111210222111111111111110111111110011111011111111111111
0111111011111111111101011101111211121111102022220122101221222200111111111111111011101102010211011110222221222121211111111111111111110111110100011101011111111111
0111110111111100111110111111011211111220110112121121212221012110011111110111111111112120112211221012112212121001002111111100111011111111111111111001111111011011
1111110010111101110110011100111121111212210222112212211220222221111110111011111111111012212111121000212212202111212011111101111111011111111111011111111111010101
0011111000011111111111111111111220122221011020122211120122220201111001001000111101112122111111210222222112221021101111100111111110110011111111101111010111111111
0011110111101111110011110111011201122202222120210211121122212221111010111100100111102222211111012210110121111202222111111110011111010011111110011111111110100111
1110111111010111111111000111110102222112120220201221202210212121010011111111011010121022020110211111122021212201201111110111101010111101111111001111111101111011
1101110111111110111011101111111100220111021211000221221121121211100101111111111101120221202001202201122111221212111111011110111101011111110110111011011111111111
1111110011101110111111111011111221110112201211020121001022102221111111110011111101120120001211111101112111111011111111111111110111011110111100111011011011111111
1011100000111111011111101110111112011222111022020021112110220001110111110110111111112002110101201021222111101101210011110111111011101111111111111111111010111110
1000011100111111101111011111111110010101010111111111111100011111111110111100011111101212201221211101020121100202012011000000111101110111111011110010110110111111
1111111011011100011111110111111110111101111111011101011111110111110010110100111100022102220111210212010221121011102101111110101110110111010101111111101110111111
